14,9,18,7,8,10,9,12,10,9,8,13
9,17,14,7,11,11,10,17,14,14,7,14
18,14,30,12,12,16,12,20,16,14,15,26
7,7,12,15,8,6,14,14,11,8,9,13
8,11,12,8,23,8,16,18,15,8,17,15
10,11,16,6,8,17,8,7,14,14,10,12
9,10,12,14,16,8,23,19,16,15,16,12
12,17,20,14,18,7,19,31,18,14,13,24
10,14,16,11,15,14,16,18,21,16,13,16
9,14,14,8,8,14,15,14,16,21,11,10
8,7,15,9,17,10,16,13,13,11,20,14
13,14,26,13,15,12,12,24,16,10,14,30
