26,10,16,12,18,7,16,16,14,12,3,10
10,19,11,4,9,13,13,7,9,15,12,11
16,11,27,15,18,6,13,13,18,11,9,15
12,4,15,15,12,2,10,9,12,8,4,5
18,9,18,12,25,8,18,13,22,9,7,13
7,13,6,2,8,12,10,5,8,12,9,9
16,13,13,10,18,10,21,9,15,13,9,10
16,7,13,9,13,5,9,19,11,12,7,12
14,9,18,12,22,8,15,11,26,9,8,13
12,15,11,8,9,12,13,12,9,19,12,10
3,12,9,4,7,9,9,7,8,12,12,10
10,11,15,5,13,9,10,12,13,10,10,17
