13,11,11,7,9,6,6,7,12,10,9,9
11,33,14,16,16,12,22,12,18,23,26,21
11,14,18,10,13,7,10,10,14,14,12,12
7,16,10,16,11,6,7,5,11,14,11,16
9,16,13,11,20,10,15,8,17,13,11,19
6,12,7,6,10,15,11,7,12,12,10,12
6,22,10,7,15,11,22,11,13,12,18,14
7,12,10,5,8,7,11,10,8,8,9,7
12,18,14,11,17,12,13,8,22,18,17,18
10,23,14,14,13,12,12,8,18,25,21,19
9,26,12,11,11,10,18,9,17,21,30,15
9,21,12,16,19,12,14,7,18,19,15,24
