24,9,13,13,18,18,12,13,24,13,10,12
9,9,8,6,8,8,7,6,12,4,3,7
13,8,20,12,15,12,10,10,18,4,12,16
13,6,12,21,13,14,7,11,17,9,16,12
18,8,15,13,25,17,12,16,23,10,14,14
18,8,12,14,17,23,11,16,20,13,11,14
12,7,10,7,12,11,10,8,13,6,5,9
13,6,10,11,16,16,8,14,17,8,9,9
24,12,18,17,23,20,13,17,29,12,14,15
13,4,4,9,10,13,6,8,12,12,9,7
10,3,12,16,14,11,5,9,14,9,19,13
12,7,16,12,14,14,9,9,15,7,13,19
